9.950000000000000000e+03
9.951000000000000000e+03
9.952000000000000000e+03
9.953000000000000000e+03
9.954000000000000000e+03
9.955000000000000000e+03
9.956000000000000000e+03
9.957000000000000000e+03
9.997000000000000000e+03
9.910600000000000000e+04
9.910700000000000000e+04
9.911300000000000000e+04
9.911600000000000000e+04
1.005000000000000000e+04
1.005100000000000000e+04
1.005200000000000000e+04
1.005300000000000000e+04
1.005400000000000000e+04
1.005500000000000000e+04
1.005600000000000000e+04
1.005700000000000000e+04
1.009700000000000000e+04
1.001060000000000000e+05
1.001070000000000000e+05
1.001130000000000000e+05
1.001160000000000000e+05
1.031160000000000000e+05
1.045000000000000000e+04
1.045100000000000000e+04
1.045200000000000000e+04
1.045300000000000000e+04
1.045400000000000000e+04
1.045500000000000000e+04
1.045600000000000000e+04
1.045700000000000000e+04
1.049700000000000000e+04
1.041060000000000000e+05
1.041070000000000000e+05
1.041130000000000000e+05
1.041160000000000000e+05
1.155000000000000000e+04
1.155100000000000000e+04
1.155200000000000000e+04
1.155300000000000000e+04
1.155400000000000000e+04
1.155500000000000000e+04
1.155600000000000000e+04
1.155700000000000000e+04
1.159700000000000000e+04
1.151060000000000000e+05
1.151070000000000000e+05
1.151130000000000000e+05
1.151160000000000000e+05
